FREE ENERGIE OF THE ION-ELECTRON (eV)
-----------------------------------------------------------------
free energy TOTEN =   -119.5193995 eV

POSITION                                       TOTAL-FORCE (eV/Angst)
-----------------------------------------------------------------
  0.005000  0.000000  0.000000   -0.0927    0.0048    0.0047   0
  0.000000  0.000000  0.500000    0.0000   -0.0045    0.0046   1
  0.000000  0.500000  0.000000    0.0000   -0.0048    0.0047   2
  0.000000  0.500000  0.500000    0.0000    0.0045    0.0046   3
  0.500000  0.000000  0.000000    0.0000    0.0000    0.0000   4
  0.500000  0.000000  0.500000    0.0000    0.0000    0.0000   5
  0.500000  0.500000  0.000000    0.0000    0.0000    0.0000   6
  0.250000  0.250000  0.000000    0.0121    0.0123    0.0000   7
  0.250000  0.250000  0.500000    0.0000    0.0000    0.0000   8
  0.250000  0.750000  0.000000    0.0168   -0.0123    0.0047   9
  0.250000  0.750000  0.500000   -0.0045    0.0000    0.0046  10
  0.750000  0.250000  0.000000    0.0111   -0.0109    0.0000  11
  0.750000  0.250000  0.500000    0.0000    0.0000    0.0000  12
  0.750000  0.750000  0.000000    0.0064    0.0109    0.0047  13
  0.750000  0.750000  0.500000    0.0045    0.0000    0.0046  14
  0.250000  0.000000  0.250000    0.0121    0.0000    0.0123  15
  0.250000  0.000000  0.750000    0.0121   -0.0000   -0.0123  16
  0.250000  0.500000  0.250000    0.0000    0.0000    0.0000  17
  0.250000  0.500000  0.750000   -0.0000    0.0000   -0.0000  18
  0.750000  0.000000  0.250000    0.0111    0.0000   -0.0109  19
  0.750000  0.000000  0.750000    0.0112   -0.0000    0.0109  20
  0.750000  0.500000  0.250000    0.0000    0.0000    0.0000  21
  0.750000  0.500000  0.750000    0.0000    0.0000   -0.0000  22
  0.000000  0.250000  0.250000   -0.0000   -0.0001   -0.0001  23
  0.000000  0.250000  0.750000   -0.0000   -0.0001    0.0001  24
  0.000000  0.750000  0.250000   -0.0000    0.0001   -0.0001  25
  0.000000  0.750000  0.752000   -0.0001    0.0001   -0.0370  26
  0.500000  0.250000  0.250000    0.0000    0.0000    0.0000  27
  0.500000  0.250000  0.750000    0.0000    0.0000    0.0000  28
  0.500000  0.750000  0.250000    0.0000    0.0000    0.0000  29
  0.500000  0.750000  0.750000    0.0000    0.0000    0.0000  30
  0.500000  0.500000  0.500000    0.0000    0.0000    0.0000  31

