FREE ENERGIE OF THE ION-ELECTRON (eV)
-----------------------------------------------------------------
free energy TOTEN =   -108.4783137 eV

POSITION                                       TOTAL-FORCE (eV/Angst)
-----------------------------------------------------------------
  0.005000  0.000000  0.000000  -18.8814    0.0029   -0.5447   0
  0.000000  0.000000  0.500000    0.8299   -0.0010   -0.3323   1
  0.000000  0.500000  0.000000    0.8335   -0.0026   -0.5068   2
  0.000000  0.500000  0.500000   -0.0010    0.0010   -0.3323   3
  0.500000  0.000000  0.000000   -1.6644    0.0026   -0.5068   4
  0.500000  0.000000  0.500000   -0.8299   -0.0010   -0.3323   5
  0.500000  0.500000  0.000000   -0.8335   -0.0026   -0.5068   6
  0.250000  0.250000  0.002000    3.6735    5.4800   -7.5039   7
  0.250000  0.250000  0.500000    0.0042   -0.4090   -0.6647   8
  0.250000  0.750000  0.000000    3.6739   -5.4807    0.3323   9
  0.250000  0.750000  0.500000    0.0042    0.4090   -0.3323  10
  0.750000  0.250000  0.000000    3.5657   -5.1386    0.3323  11
  0.750000  0.250000  0.500000   -0.0042    0.4219   -0.3323  12
  0.750000  0.750000  0.000000    3.5657    5.1386   -0.0000  13
  0.750000  0.750000  0.500000   -0.0042   -0.4219   -0.0000  14
  0.250000  0.000000  0.250000    3.6739   -2.1460    6.9349  15
  0.250000  0.000000  0.750000    3.6738    2.0914   -4.0438  16
  0.250000  0.500000  0.250000    0.0042    2.1459    1.0450  17
  0.250000  0.500000  0.750000    0.0042   -2.0913    1.8457  18
  0.750000  0.000000  0.250000    3.5657    0.1651   -5.1379  19
  0.750000  0.000000  0.750000    3.5657   -0.1672    5.1379  20
  0.750000  0.500000  0.250000   -0.0042   -0.1651    0.4226  21
  0.750000  0.500000  0.750000   -0.0042    0.1672   -0.4226  22
  0.000000  0.250000  0.250000   -3.4166   -0.0165    1.4375  23
  0.000000  0.250000  0.750000    0.8206   -0.0165    1.4532  24
  0.000000  0.750000  0.250000   -1.1056    0.0165   -0.0158  25
  0.000000  0.750000  0.750000   -1.4379    0.0165    0.0158  26
  0.500000  0.250000  0.250000    1.3150    0.0065    1.4605  27
  0.500000  0.250000  0.750000   -2.9222    0.0065    1.4302  28
  0.500000  0.750000  0.250000   -0.9960   -0.0065    0.0071  29
  0.500000  0.750000  0.750000   -0.6637   -0.0065   -0.0071  30
  0.500000  0.500000  0.500000    0.0010    0.0010   -0.3323  31

