1.6e-08 4.492246894379374e+24 6.060494241615584e+23 3.8861974702178157e+24
1.6380000000000002e-08 3.298805753353447e+24 4.469808834526403e+23 2.851824869900807e+24
1.676e-08 2.438867445408441e+24 3.319915430260445e+23 2.1068759023823967e+24
1.714e-08 1.8147515453306954e+24 2.4824845297940165e+23 1.5665030923512936e+24
1.752e-08 1.358662736834282e+24 1.8682750046820918e+23 1.1718352363660728e+24
1.79e-08 1.0231696704939894e+24 1.4147224437659737e+23 8.816974261173921e+23
1.828e-08 7.7483361144439e+23 1.077622984358959e+23 6.670713130084941e+23
1.866e-08 5.8990762792126754e+23 8.25512166323166e+22 5.0735641128895096e+23
1.904e-08 4.5140919715510484e+23 6.358334108027989e+22 3.8782585607482496e+23
1.942e-08 3.471117134306187e+23 4.923052698490837e+22 2.978811864457103e+23
1.98e-08 2.6815590248984974e+23 3.8309838345496124e+22 2.298460641443536e+23
2.018e-08 2.0808276220206367e+23 2.9956373958099577e+22 1.781263882439641e+23
2.056e-08 1.6215532208062196e+23 2.353391889429591e+22 1.3862140318632604e+23
2.094e-08 1.2687974419013604e+23 1.8571740457861638e+22 1.083080037322744e+23
2.1319999999999998e-08 9.966497732249653e+22 1.4719583425612147e+22 8.49453938968844e+22
2.17e-08 7.857936537739926e+22 1.1715420616103079e+22 6.686394476129619e+22
2.208e-08 6.2175542544626535e+22 9.362202217270679e+21 5.281334032735585e+22
2.2459999999999997e-08 4.9363725971822995e+22 7.510993982600759e+21 4.185273198922224e+22
2.2839999999999998e-08 3.931951691836803e+22 6.04867913532506e+21 3.327083778304297e+22
2.322e-08 3.141645061128835e+22 4.888939501341832e+21 2.652751110994652e+22
2.36e-08 2.5176395084067892e+22 3.9656063658846684e+21 2.121078871818322e+22
2.398e-08 2.023289270757429e+22 3.2277332485707095e+21 1.7005159459003583e+22
2.4359999999999998e-08 1.6303935932300289e+22 2.635926552293197e+21 1.3668009380007092e+22
2.474e-08 1.3171654653376033e+22 2.1595998379134967e+21 1.1012054815462537e+22
2.5119999999999996e-08 1.0667091904131584e+22 1.7749096805866152e+21 8.89218222354497e+21
2.5499999999999997e-08 8.658743306829837e+21 1.4631969250971327e+21 7.195546381732704e+21
2.5879999999999997e-08 7.043893270509196e+21 1.209804454749243e+21 5.834088815759953e+21
2.6259999999999998e-08 5.742038593989749e+21 1.0031767301605115e+21 4.738861863829238e+21
2.664e-08 4.6898767356632357e+21 8.341711237951478e+20 3.855705611868088e+21
2.702e-08 3.8374717997694945e+21 6.955291337036127e+20 3.141942666065882e+21
2.7399999999999997e-08 3.145310559807943e+21 5.8146878674057265e+20 2.5638417730673705e+21
2.7779999999999998e-08 2.5820337419165536e+21 4.873692743699492e+20 2.0946644675466043e+21
2.8159999999999995e-08 2.122681563335773e+21 4.095260579390438e+20 1.7131555053967292e+21
2.8539999999999996e-08 1.7473323519823163e+21 3.449600204345424e+20 1.402372331547774e+21
2.8919999999999997e-08 1.4400426990980374e+21 2.9126822255034027e+20 1.1487744765476971e+21
2.9299999999999998e-08 1.188019720906295e+21 2.465068005611548e+20 9.415129203451401e+20
2.968e-08 9.809725912795943e+20 2.090987826744642e+20 7.7187380860513e+20
3.005999999999999e-08 8.106029889119431e+20 1.777612897685802e+20 6.32841699143363e+20
3.044e-08 6.702035297655e+20 1.514478655909092e+20 5.187556641745908e+20
3.0819999999999994e-08 5.543404014991152e+20 1.2930265369248724e+20 4.25037747806628e+20
3.1199999999999995e-08 4.586018521354107e+20 1.1062387992007388e+20 3.479779722153368e+20
3.1579999999999996e-08 3.7939833379203934e+20 9.483466687205587e+19 2.8456366691998345e+20
3.1959999999999996e-08 3.1380327906594324e+20 8.145964263570525e+19 2.3234363643023796e+20
3.234e-08 2.5942592808501025e+20 7.010614201794297e+19 1.8931978606706727e+20
3.271999999999999e-08 2.143095048747261e+20 6.04490581448096e+19 1.538604467299165e+20
3.31e-08 1.768494953565828e+20 5.221860367067227e+19 1.2463089168591051e+20
3.347999999999999e-08 1.4572790627496827e+20 4.519039747619672e+19 1.0053750879877156e+20
3.386e-08 1.1986026058972971e+20 3.9177414945779065e+19 8.068284564395064e+19
3.4239999999999994e-08 9.835276808368079e+19 3.4023435546910597e+19 6.432933253677019e+19
3.4619999999999995e-08 8.046764410754202e+19 2.959769648141697e+19 5.086994762612505e+19
3.4999999999999996e-08 6.559496815326182e+19 2.5790520237567005e+19 3.980444791569481e+19
