1.6e-08 29814753.039869014 36266673.22606375 -6683036.40254426 262402.97638007277 -31286.7600305485
1.6380000000000002e-08 22778735.982766714 27663726.009715285 -5054503.247459411 189675.5594289944 -20162.338918150133
1.676e-08 17492716.85960695 21207190.011193413 -3838770.300391601 136666.15100570855 -12369.00220056845
1.714e-08 13498234.391457886 16333617.57083411 -2926377.4197035646 97932.5661474908 -6938.325820151487
1.752e-08 10463025.567145487 12634870.877271675 -2238241.364116931 69582.44586432121 -3186.391873577398
1.79e-08 8144635.85795137 9813294.416072084 -1716846.2659623635 48815.80224762495 -628.0944059755532
1.828e-08 6364987.8416133365 7650396.287169844 -1320098.0310929418 33607.63940563111 1081.946130803338
1.866e-08 4992471.976961541 5984800.146064764 -1017004.7433971855 22486.18246610672 2190.3918278554893
1.904e-08 3929242.231612261 4696610.194126229 -784618.6515176486 14376.862469397482 2873.8265342835107
1.942e-08 3102140.7805423425 3696246.4428055645 -605856.3894429044 8491.854883892089 3258.872295790762
1.98e-08 2456171.6521619647 2916418.8621913255 -467935.00019789895 4251.394716333501 3436.3954522042955
2.018e-08 1949777.2729326994 2306321.0252611954 -361242.7451888297 1227.4038987554984 3471.58896157782
2.056e-08 1551398.822746437 1827403.708807902 -278518.93068550155 -897.1162693760635 3411.1608934125693
2.094e-08 1236956.6831826519 1450280.4495085652 -214254.7603524508 -2357.4871709939343 3288.481197531556
2.1319999999999998e-08 987994.4019895364 1152449.1079253748 -164253.2415520554 -3328.745020693983 3127.2806369111095
2.17e-08 790304.0010425514 916605.1777400412 -125304.21839445768 -3941.2764627282304 2944.318159696089
2.208e-08 632902.4745512867 729386.6639138068 -94943.20361450494 -4292.295810150201 2751.3100621349827
2.2459999999999997e-08 507265.9306745129 580435.4403692835 -71271.53465432438 -4454.303761077043 2556.3287206307955
2.2839999999999998e-08 406753.7513171298 461691.9164183028 -52821.63901455053 -4481.344852284623 2364.8187656621926
2.322e-08 326173.61126961757 366862.57365791907 -38455.64619771282 -4413.652601286416 2180.33641069772
2.36e-08 261451.42974174774 291016.219180576 -27288.768450158976 -4281.1088173036005 2005.0878286343318
2.398e-08 209379.8617166342 230276.5311575108 -18631.1633759618 -4105.827339216149 1840.3212743013426
2.4359999999999998e-08 167425.8438369092 181586.96829882663 -11943.64807848739 -3904.0889036829667 1686.6125202529006
2.474e-08 133582.73974867453 142530.29946467336 -6803.838550729761 -3687.7934890673782 1544.072323798288
2.5119999999999996e-08 106256.31155984304 111189.53493550156 -2880.16752828344 -3465.552680109248 1412.4968327341605
2.5499999999999997e-08 84176.45195694808 86040.36793782594 88.12049903904777 -3243.5126729530734 1291.4761930361694
2.5879999999999997e-08 66328.6125469869 65867.6926901795 2306.4225009171314 -3025.975172617162 1180.4725285074283
2.6259999999999998e-08 51900.349410295916 49700.58892145353 3936.751267285188 -2815.8662625103384 1078.875484067539
2.664e-08 40239.51438692785 36761.52200826264 5107.041685294534 -2615.0906573053517 986.0413506760307
2.702e-08 30821.449930183237 26426.525192405396 5918.40390948933 -2424.7993707075666 901.3201989960769
2.7399999999999997e-08 23223.16890769986 18193.89490097769 6450.791585622528 -2245.5918605079855 824.0742816076245
2.7779999999999998e-08 17102.97144372609 11659.507086685071 6767.442769940429 -2077.668518052739 753.6901051533284
2.8159999999999995e-08 12184.307614890313 6497.299478409737 6918.367679380319 -1920.945484176616 689.5859412768734
2.8539999999999996e-08 8242.96615926152 2443.796857231533 6943.094083321264 -1775.1408596635952 631.2160783723175
2.8919999999999997e-08 5096.876518851961 -714.1900245571699 6872.83295878825 -1639.839186531817 578.0727711526982
2.9299999999999998e-08 2597.97025172981 -3149.3671509596766 6732.190236395277 -1514.5394235360538 529.6865898302638
2.968e-08 625.6698674675588 -5001.787702488515 6540.522277822629 -1398.6903896735844 485.62568180702897
3.005999999999999e-08 -918.3327435328259 -6385.121425019541 6313.011065127697 -1291.716702597433 445.4943189564508
3.044e-08 -2114.273285850072 -7391.685152033649 6061.518385880692 -1193.0375198275453 408.93100013042937
3.0819999999999994e-08 -3027.69590384884 -8096.4877526154 5795.265390310661 -1102.0798436136397 375.60630206953834
3.1199999999999995e-08 -3712.1823399037776 -8560.489111261659 5521.373889256635 -1018.2877333848128 345.22061548605944
3.1579999999999996e-08 -4211.55947468972 -8833.230866443 5245.297981653977 -941.1284514823238 317.5018615816268
3.1959999999999996e-08 -4561.688396287508 -8954.963861225002 4971.168535742006 -870.0963246349321 292.2032538304192
3.234e-08 -4791.917001769724 -8958.37154067084 4702.068308761805 -804.7149175214735 269.1011476607828
3.271999999999999e-08 -4926.261485253159 -8869.968294522005 4440.251776921841 -744.5379722373409 247.9930045843463
3.31e-08 -4984.368920677401 -8711.235779802122 4187.320831621452 -689.1494582694268 228.69548577269626
3.347999999999999e-08 -4982.302741847685 -8499.547632784603 3944.365202924496 -638.1629938768389 211.0426818892604
3.386e-08 -4933.184665002822 -8248.922970566973 3712.0746609144453 -591.2208356190876 194.8844802687938
3.4239999999999994e-08 -4847.720030943413 -7970.641128436051 3490.828614473697 -547.9925836237193 180.08506664266
3.4619999999999995e-08 -4734.628306838451 -7673.743743776885 3280.7675934565113 -508.1737125635116 166.52155604543427
3.4999999999999996e-08 -4600.996302873071 -7365.445239831181 3081.8502005699343 -471.48400955447903 154.0827459426551
